36183
10409
69692
75942
6303
86551
29408
23666
1460
33347
13460
18412
24164
5072
4370
61815
86976
83997
81065
51563
92245
34067
33193
9176
85902
16208
13535
82013
90787
52822
81130
56994
91359
83996
73776
36837
89717
417
55564
41036
85185
75751
81072
33268
87728
2866
41915
26073
41522
81275
7074
25990
889
4557
91856
83093
98227
58024
50140
79372
82014
66925
97764
93100
59086
72600
6172
81294
22978
22211
42503
68072
53194
26523
88908
39178
98802
16086
74827
5747
85100
15168
81964
12953
93220
59526
90285
74669
46552
81781
29394
77816
62111
63958
12009
77717
68189
82505
73568
86652
77060
52685
74572
18537
91862
85351
82102
55447
6313
80646
70011
61072
47726
11237
72803
53575
99989
84965
86136
31426
96753
42192
15637
80546
91256
74220
17085
60157
37988
58913
56770
58223
35107
49716
37560
8794
86901
65357
6520
56460
46401
82447
24945
82084
64151
68260
51161
11054
63085
75185
18882
54503
77616
32040
32987
81328
2168
93193
59501
58950
22296
93519
76610
71446
85659
57479
52713
2261
30972
25000
41546
93737
79006
58501
78691
64468
4215
29991
62985
32611
16502
88520
15420
90935
54432
31001
68325
8649
7439
96743
24295
30879
83344
52895
57118
96558
12345
40214
20158
80314
5472
81383
67986
13102
35450
68052
3230
57159
53764
51373
17030
63002
35731
57718
78931
31239
87623
33917
94187
72002
73767
57600
26101
74177
98282
15485
67715
28692
92071
46709
45188
11264
21497
77670
19517
76646
53126
46211
92250
83261
31051
3578
24614
92154
57407
72541
1081
59399
18139
3512
82923
21631
48904
30666
13408
54701
25071
98355
82646
52554
93393
52551
3904
70017
95012
47518
51291
97290
31560
37172
54315
56401
65235
22199
40202
1160
23578
78865
20276
15432
4239
8908
82564
55284
77090
644
247
35252
22397
54361
32985
47082
96340
71334
75389
73426
35612
64513
65031
81000
43873
66868
76772
5362
99895
16903
89031
42064
33499
27489
38084
79972
13764
65629
48977
89145
74125
4085
65652
4326
97778
61200
44924
30286
1314
64945
24497
80834
21079
60009
12724
34479
22177
73581
93351
62663
18107
95274
4868
48507
49687
94154
49464
5047
61017
37433
48486
4314
45871
90582
94334
51077
84207
39845
70174
56626
81322
2921
77295
24876
83404
5393
94148
98207
70426
21466
81527
84745
82652
94171
69704
73619
11197
42093
83868
47546
7934
2321
7714
12411
66005
82054
33256
51857
37147
44851
56786
62944
94748
64316
8011
27370
21694
78169
86603
88581
65842
87999
65499
38656
93511
85503
90382
70399
46432
11667
16551
73337
13207
85472
31765
5624
12040
83242
70267
30591
8899
35098
18451
38121
36020
52190
16472
21831
40593
40893
66966
67174
64882
84035
7468
52285
80581
87560
8679
50199
16990
29822
90204
71126
82296
52754
50048
72761
79661
49936
23619
27628
8583
52836
56497
68973
94886
85003
1508
30142
97356
64632
91544
16872
3638
55167
97627
56652
5988
72768
29730
74542
87281
41730
31848
40957
9456
30126
72552
97513
59482
92344
20846
39689
81546
96408
21811
97614
96537
17202
15203
75401
42728
23389
98075
13079
27367
77628
74717
43496
19324
98119
10101
36965
26277
22042
67970
40056
19529
19773
62310
81859
83562
4388
67660
9432
65775
54872
81100
53643
81450
27455
85591
67062
89703
67230
15997
26651
19391
90248
27276
99513
98463
4562
53527
58396
7611
70585
63050
49985
72196
65932
29099
50408
90728
78289
21861
23634
72939
67923
96215
28853
2130
66496
30247
10070
19042
22167
29884
28730
3222
82951
14615
99757
50601
77610
78210
2836
10754
55999
71580
16660
94683
98614
91719
60276
81477
15333
26471
48776
51148
20342
75720
95377
23073
78231
73351
50225
72257
9813
20087
56335
80974
92263
29164
17159
52864
20990
25532
32701
82350
66487
87104
88648
77698
39882
89721
64640
53557
90191
77110
33025
31758
19027
23520
43302
18525
16699
76538
47749
75383
22077
95326
53962
50201
22486
96991
33832
35501
62370
61980
16695
68680
59007
90839
42761
10628
23432
47773
42771
83924
25688
41528
22466
17764
77132
3299
29712
34805
56762
16893
63501
45997
81081
62607
12048
23530
96732
39446
29654
37929
99320
36084
82724
47174
53241
98660
60324
4665
75740
84102
30598
1160
74897
66374
29170
39262
14059
73134
78080
57112
86359
62238
81088
93437
82882
44786
59309
64016
73584
89183
57512
68479
29693
34605
48680
2836
82828
42714
75578
26710
19694
6778
44732
31794
86504
88784
79
39559
74428
86217
12751
2403
59425
24177
73544
72921
88306
75740
90262
93083
53986
8935
62379
57523
61599
47633
89643
24949
9111
12559
72477
99629
84884
96552
98548
61061
12387
7082
48065
49117
43685
30004
23982
3743
29599
6890
4317
27339
29676
25138
35211
67372
29067
79896
56305
6897
26217
2116
49409
42516
85730
6051
99470
59674
7324
5137
34709
9997
93085
4317
97298
70358
65574
74832
93586
2232
87200
28982
5493
23397
93081
63293
81518
71392
36625
67012
32974
44898
23732
86296
2218
59464
74637
81715
30002
40070
61877
89331
42648
62556
6986
16425
26197
13881
65641
26694
70942
6468
43989
30146
44696
61210
40063
37463
55396
43248
45395
44472
97507
38304
41031
96390
10982
46071
3727
90357
24696
14982
44422
49120
42602
53239
82391
41289
55486
99090
36936
83259
88062
1348
95191
10584
78624
5723
62966
54303
37277
57904
64492
67141
17938
89912
89052
26363
43847
84903
62283
28384
91935
42116
41744
59591
52654
72497
76195
36525
37283
59033
42307
69272
79406
84503
14639
35358
70775
91305
10139
4299
47327
95498
95906
71727
43519
78242
21162
2746
78440
24610
66174
42830
31694
87981
90715
70015
69895
20704
60579
39088
82442
12946
18930
71594
78479
14153
39040
57007
16776
11794
90146
34338
62999
25474
65840
57067
62515
85844
97853
35972
87169
91950
36277
25638
15617
29700
5092
97817
35212
9481
48006
51517
89803
10069
65726
63880
82022
35613
30033
98264
44274
48770
91358
10705
12230
75589
55398
81372
60267
78033
2894
32203
23409
82780
97808
54839
93116
6305
2846
91477
96841
58444
90750
18207
9743
40586
84823
90351
33195
26828
85280
41723
8254
74250
77073
1662
14451
87048
91069
68690
57382
99883
74536
34884
98374
86055
80723
54255
28354
80472
46842
19144
7766
65813
25747
20585
62724
55708
59177
16882
69300
38552
50529
98465
58607